TrackMap=1.33133
LapInfo=1.51866
Laptime=1.10133
SessionInfo=1.43934
Sectors=1.24933
