LapInfo=1.11866
TrackMap=1.33133
SessionInfo=1.11934
Laptime=0.976663
Sectors=1.24933
